VCW48573.1	WP_000012961.1	100.000	581	0	0	1	581	1	581	0.0	1175
VCW48573.1	WP_001347430.1	99.656	581	2	0	1	581	1	581	0.0	1174
VCW48573.1	EFM7227381.1	99.828	581	1	0	1	581	1	581	0.0	1174
VCW48573.1	EFU5689591.1	99.828	581	1	0	1	581	1	581	0.0	1174
VCW48573.1	WP_096845574.1	99.828	581	1	0	1	581	1	581	0.0	1174
VCW48573.1	EEV4502587.1	99.828	581	1	0	1	581	1	581	0.0	1174
VCW48573.1	EFD9641934.1	99.828	581	1	0	1	581	1	581	0.0	1174
VCW48573.1	EEC8668329.1	99.828	581	1	0	1	581	1	581	0.0	1174
VCW48573.1	WP_196613587.1	99.828	581	1	0	1	581	1	581	0.0	1174
VCW48573.1	EGJ9486608.1	99.828	581	1	0	1	581	1	581	0.0	1173
VCW48573.1	HAL1244909.1	99.828	581	1	0	1	581	1	581	0.0	1173
VCW48573.1	EGJ4348384.1	99.828	581	1	0	1	581	1	581	0.0	1173
VCW48573.1	WP_136767443.1	99.828	581	1	0	1	581	1	581	0.0	1173
VCW48573.1	EFJ1015634.1	99.828	581	1	0	1	581	1	581	0.0	1173
VCW48573.1	EEZ1082352.1	99.656	581	2	0	1	581	1	581	0.0	1173
VCW48573.1	WP_052978177.1	99.656	581	2	0	1	581	1	581	0.0	1173
VCW48573.1	EEC8175228.1	99.828	581	1	0	1	581	1	581	0.0	1173
VCW48573.1	EGG0547874.1	99.828	581	1	0	1	581	1	581	0.0	1173
VCW48573.1	WP_078194592.1	99.828	581	1	0	1	581	1	581	0.0	1173
VCW48573.1	HAM2739780.1	99.828	581	1	0	1	581	1	581	0.0	1173
VCW48573.1	EFK5862172.1	99.828	581	1	0	1	581	1	581	0.0	1173
VCW48573.1	EES0308122.1	99.828	581	1	0	1	581	1	581	0.0	1173
VCW48573.1	WP_141040535.1	100.000	580	0	0	2	581	1	580	0.0	1173
VCW48573.1	EEQ3449964.1	99.656	581	2	0	1	581	1	581	0.0	1172
VCW48573.1	EFA7181365.1	99.828	581	1	0	1	581	1	581	0.0	1172
VCW48573.1	EES4116247.1	99.656	581	2	0	1	581	1	581	0.0	1172
VCW48573.1	EER4345376.1	99.828	581	1	0	1	581	1	581	0.0	1172
VCW48573.1	EGO0637768.1	99.828	581	1	0	1	581	1	581	0.0	1172
VCW48573.1	EFG1891318.1	99.828	581	1	0	1	581	1	581	0.0	1172
VCW48573.1	EEY9291457.1	99.828	581	1	0	1	581	1	581	0.0	1172
VCW48573.1	WP_137548370.1	99.828	581	1	0	1	581	1	581	0.0	1172
VCW48573.1	WP_012537772.1	99.484	581	3	0	1	581	1	581	0.0	1171
VCW48573.1	EFA0044145.1	99.484	581	3	0	1	581	1	581	0.0	1171
VCW48573.1	EEW9156814.1	99.312	581	4	0	1	581	1	581	0.0	1171
VCW48573.1	WP_096988209.1	99.484	581	3	0	1	581	1	581	0.0	1170
VCW48573.1	EFF6299434.1	99.484	581	3	0	1	581	1	581	0.0	1170
VCW48573.1	WP_172690082.1	99.484	581	3	0	1	581	1	581	0.0	1170
VCW48573.1	EEU5029898.1	99.484	581	3	0	1	581	1	581	0.0	1170
VCW48573.1	EEV1968503.1	99.316	585	0	1	1	581	1	585	0.0	1170
VCW48573.1	WP_052941008.1	99.312	581	4	0	1	581	1	581	0.0	1169
VCW48573.1	WP_149116154.1	99.312	581	4	0	1	581	1	581	0.0	1169
VCW48573.1	WP_096849559.1	99.312	581	4	0	1	581	1	581	0.0	1169
VCW48573.1	WP_100016561.1	99.312	581	4	0	1	581	1	581	0.0	1169
VCW48573.1	EFE3867794.1	100.000	577	0	0	5	581	1	577	0.0	1167
VCW48573.1	EEQ7452212.1	98.308	591	0	1	1	581	1	591	0.0	1166
VCW48573.1	WP_112477731.1	99.304	575	4	0	7	581	1	575	0.0	1156
VCW48573.1	EED1250624.1	98.279	581	0	1	1	581	1	571	0.0	1146
VCW48573.1	EEQ7019442.1	97.762	581	3	1	1	581	1	571	0.0	1142
VCW48573.1	WP_052979305.1	97.590	581	4	1	1	581	1	571	0.0	1140
VCW48573.1	WP_148160370.1	99.293	566	4	0	16	581	1	566	0.0	1139
VCW48573.1	EFF6602042.1	97.418	581	5	1	1	581	1	571	0.0	1138
VCW48573.1	WP_097750030.1	96.558	581	20	0	1	581	1	581	0.0	1137
VCW48573.1	WP_097640510.1	100.000	563	0	0	1	563	1	563	0.0	1137
VCW48573.1	WP_071686583.1	99.645	563	2	0	19	581	1	563	0.0	1135
VCW48573.1	WP_193766171.1	99.465	561	3	0	1	561	1	561	0.0	1128
VCW48573.1	EFZ7439224.1	98.750	560	5	1	24	581	9	568	0.0	1116
VCW48573.1	WP_112380348.1	99.277	553	4	0	29	581	1	553	0.0	1112
VCW48573.1	WP_077124587.1	99.634	546	2	0	36	581	1	546	0.0	1103
VCW48573.1	WP_112367304.1	99.453	548	3	0	1	548	1	548	0.0	1099
VCW48573.1	WP_112366924.1	99.269	547	4	0	1	547	1	547	0.0	1095
VCW48573.1	WP_077128082.1	99.631	542	2	0	40	581	1	542	0.0	1094
VCW48573.1	WP_077127368.1	99.630	541	2	0	41	581	1	541	0.0	1093
VCW48573.1	WP_077126916.1	99.630	540	2	0	42	581	1	540	0.0	1090
VCW48573.1	WP_096306449.1	100.000	540	0	0	1	540	1	540	0.0	1087
VCW48573.1	WP_077124940.1	99.628	537	2	0	45	581	1	537	0.0	1083
VCW48573.1	WP_077124217.1	99.627	536	2	0	46	581	1	536	0.0	1081
VCW48573.1	WP_086525061.1	100.000	537	0	0	1	537	1	537	0.0	1081
VCW48573.1	WP_052971134.1	99.255	537	4	0	45	581	1	537	0.0	1081
VCW48573.1	WP_100039506.1	96.383	553	20	0	1	553	1	553	0.0	1076
VCW48573.1	WP_112455739.1	99.241	527	4	0	55	581	1	527	0.0	1061
VCW48573.1	WP_053001564.1	100.000	524	0	0	1	524	1	524	0.0	1056
VCW48573.1	WP_053276344.1	100.000	521	0	0	61	581	1	521	0.0	1055
VCW48573.1	WP_089502870.1	99.808	521	1	0	56	576	1	521	0.0	1052
VCW48573.1	WP_137530646.1	98.467	522	8	0	1	522	1	522	0.0	1036
VCW48573.1	WP_016237861.1	99.609	512	2	0	70	581	2	513	0.0	1034
VCW48573.1	WP_000310577.1	99.609	511	2	0	71	581	1	511	0.0	1031
VCW48573.1	WP_107192095.1	100.000	512	0	0	1	512	1	512	0.0	1031
VCW48573.1	KAB3112206.1	99.022	511	5	0	1	511	1	511	0.0	1023
VCW48573.1	EFF7020162.1	99.800	501	1	0	81	581	1	501	0.0	1016
VCW48573.1	WP_106645279.1	99.601	501	2	0	81	581	1	501	0.0	1014
VCW48573.1	WP_071586433.1	99.401	501	3	0	81	581	1	501	0.0	1012
VCW48573.1	EEY4409085.1	95.697	581	25	0	1	581	1	581	0.0	1007
VCW48573.1	WP_100006362.1	95.697	581	25	0	1	581	1	581	0.0	1003
VCW48573.1	WP_077138079.1	99.601	501	2	0	1	501	1	501	0.0	1003
VCW48573.1	EFB7616670.1	99.798	494	1	0	88	581	1	494	0.0	1002
VCW48573.1	EES5357335.1	95.869	581	24	0	1	581	1	581	0.0	1001
VCW48573.1	WP_062877015.1	100.000	498	0	0	1	498	1	498	0.0	1000
VCW48573.1	SJH22319.1	99.393	494	3	0	88	581	1	494	0.0	999
VCW48573.1	OIY29016.1	99.393	494	3	0	88	581	1	494	0.0	999
VCW48573.1	CSZ63352.1	99.190	494	4	0	88	581	1	494	0.0	997
VCW48573.1	WP_086259338.1	99.798	496	1	0	1	496	1	496	0.0	995
VCW48573.1	WP_058153376.1	99.597	496	2	0	1	496	1	496	0.0	993
VCW48573.1	WP_114619528.1	95.697	581	25	0	1	581	1	581	0.0	989
VCW48573.1	WP_073268826.1	92.784	582	41	1	1	581	1	582	0.0	989
VCW48573.1	WP_024129977.1	92.612	582	42	1	1	581	1	582	0.0	988
VCW48573.1	EEV4694988.1	96.213	581	22	0	1	581	1	581	0.0	987
VCW48573.1	ECD2592540.1	92.440	582	43	1	1	581	1	582	0.0	986
VCW48573.1	ECN3332166.1	92.440	582	43	1	1	581	1	582	0.0	986
VCW48573.1	EGJ2085142.1	92.440	582	43	1	1	581	1	582	0.0	986
VCW48573.1	EEW2133849.1	92.440	582	43	1	1	581	1	582	0.0	985
VCW48573.1	EGD7662588.1	96.386	581	21	0	1	581	1	581	0.0	985
VCW48573.1	WP_072721685.1	92.440	582	43	1	1	581	1	582	0.0	984
VCW48573.1	WP_121832143.1	92.268	582	44	1	1	581	1	582	0.0	983
VCW48573.1	WP_136753561.1	96.041	581	23	0	1	581	1	581	0.0	983
VCW48573.1	EFJ7661040.1	95.697	581	25	0	1	581	1	581	0.0	983
VCW48573.1	WP_137557362.1	96.213	581	22	0	1	581	1	581	0.0	983
VCW48573.1	WP_062878312.1	96.041	581	23	0	1	581	1	581	0.0	982
VCW48573.1	WP_000012960.1	96.041	581	23	0	1	581	1	581	0.0	982
VCW48573.1	EEY8831420.1	96.041	581	23	0	1	581	1	581	0.0	982
VCW48573.1	EFQ9085483.1	95.869	581	24	0	1	581	1	581	0.0	982
VCW48573.1	EEZ5791134.1	96.041	581	23	0	1	581	1	581	0.0	981
VCW48573.1	WP_052940163.1	96.213	581	22	0	1	581	1	581	0.0	981
VCW48573.1	EFX6375906.1	96.041	581	23	0	1	581	1	581	0.0	981
VCW48573.1	EEZ1555650.1	95.697	581	25	0	1	581	1	581	0.0	981
VCW48573.1	EEU5450928.1	95.869	581	24	0	1	581	1	581	0.0	981
VCW48573.1	EEW2679594.1	95.869	581	24	0	1	581	1	581	0.0	981
VCW48573.1	EEX7419394.1	95.869	581	24	0	1	581	1	581	0.0	981
VCW48573.1	EER8033310.1	95.869	581	24	0	1	581	1	581	0.0	981
VCW48573.1	EFC0758249.1	95.869	581	24	0	1	581	1	581	0.0	981
VCW48573.1	WP_052986704.1	95.869	581	24	0	1	581	1	581	0.0	981
VCW48573.1	EEZ7462719.1	96.041	581	23	0	1	581	1	581	0.0	981
VCW48573.1	EFL9237818.1	95.869	581	24	0	1	581	1	581	0.0	980
VCW48573.1	WP_106509691.1	95.869	581	24	0	1	581	1	581	0.0	980
VCW48573.1	WP_087634897.1	95.869	581	24	0	1	581	1	581	0.0	980
VCW48573.1	EEW3546303.1	95.869	581	24	0	1	581	1	581	0.0	980
VCW48573.1	WP_009451403.1	95.869	581	24	0	1	581	1	581	0.0	980
VCW48573.1	EER2316874.1	95.869	581	24	0	1	581	1	581	0.0	980
VCW48573.1	EGC0265856.1	95.869	581	24	0	1	581	1	581	0.0	980
VCW48573.1	WP_100036861.1	95.697	581	25	0	1	581	1	581	0.0	980
VCW48573.1	EEV4523031.1	95.869	581	24	0	1	581	1	581	0.0	980
VCW48573.1	EFF1170190.1	91.050	581	48	1	1	581	1	577	0.0	980
VCW48573.1	WP_089577253.1	95.869	581	24	0	1	581	1	581	0.0	980
VCW48573.1	EFL7921789.1	95.869	581	24	0	1	581	1	581	0.0	980
VCW48573.1	EET5803515.1	95.869	581	24	0	1	581	1	581	0.0	980
VCW48573.1	EEX4287210.1	100.000	483	0	0	99	581	1	483	0.0	979
VCW48573.1	HAN7102421.1	95.869	581	24	0	1	581	1	581	0.0	979
VCW48573.1	EFI2409221.1	95.697	581	25	0	1	581	1	581	0.0	979
VCW48573.1	EEW1923816.1	95.869	581	24	0	1	581	1	581	0.0	979
VCW48573.1	EER6500766.1	95.869	581	24	0	1	581	1	581	0.0	979
VCW48573.1	EER2937002.1	95.869	581	24	0	1	581	1	581	0.0	979
VCW48573.1	EEY6790288.1	95.697	581	25	0	1	581	1	581	0.0	979
VCW48573.1	EFC6046421.1	95.869	581	24	0	1	581	1	581	0.0	979
VCW48573.1	EFM5045624.1	95.697	581	25	0	1	581	1	581	0.0	978
VCW48573.1	EFK1682480.1	94.148	581	24	1	1	581	1	571	0.0	978
VCW48573.1	EFQ7557873.1	95.697	581	25	0	1	581	1	581	0.0	978
VCW48573.1	EFE1456467.1	95.869	581	24	0	1	581	1	581	0.0	978
VCW48573.1	EFK1651811.1	95.697	581	25	0	1	581	1	581	0.0	978
VCW48573.1	EEQ7696171.1	94.320	581	23	1	1	581	1	571	0.0	978
VCW48573.1	WP_100036387.1	95.697	581	25	0	1	581	1	581	0.0	978
VCW48573.1	WP_136764024.1	95.697	581	25	0	1	581	1	581	0.0	978
VCW48573.1	EEC8813329.1	99.184	490	4	0	1	490	1	490	0.0	978
VCW48573.1	WP_097745325.1	91.924	582	46	1	1	581	1	582	0.0	978
VCW48573.1	EEY8489322.1	95.697	581	25	0	1	581	1	581	0.0	978
VCW48573.1	EEC8546062.1	95.697	581	25	0	1	581	1	581	0.0	977
VCW48573.1	MBF5737063.1	94.148	581	24	1	1	581	1	571	0.0	977
VCW48573.1	EES6971762.1	96.386	581	21	0	1	581	1	581	0.0	977
VCW48573.1	WP_096929037.1	95.697	581	25	0	1	581	1	581	0.0	977
VCW48573.1	EEQ1632880.1	95.697	581	25	0	1	581	1	581	0.0	977
VCW48573.1	EEY4424266.1	95.697	581	25	0	1	581	1	581	0.0	977
VCW48573.1	EED1286298.1	95.697	581	25	0	1	581	1	581	0.0	977
VCW48573.1	EEW2536497.1	91.924	582	46	1	1	581	1	582	0.0	977
VCW48573.1	WP_062894315.1	90.534	581	51	1	1	581	1	577	0.0	977
VCW48573.1	EEX4722878.1	94.148	581	24	1	1	581	1	571	0.0	976
VCW48573.1	EET1502590.1	95.869	581	24	0	1	581	1	581	0.0	976
VCW48573.1	WP_086252962.1	94.148	581	24	1	1	581	1	571	0.0	976
VCW48573.1	WP_012644886.1	91.753	582	47	1	1	581	1	582	0.0	976
VCW48573.1	WP_123129658.1	95.697	581	25	0	1	581	1	581	0.0	974
VCW48573.1	EFP9271795.1	93.976	581	25	1	1	581	1	571	0.0	974
VCW48573.1	EEY2193249.1	90.361	581	52	1	1	581	1	577	0.0	973
VCW48573.1	WP_136740773.1	100.000	479	0	0	103	581	1	479	0.0	972
VCW48573.1	WP_044860894.1	95.525	581	26	0	1	581	1	581	0.0	972
VCW48573.1	EEU2031631.1	95.353	581	27	0	1	581	1	581	0.0	972
VCW48573.1	EEV0714229.1	95.353	581	27	0	1	581	1	581	0.0	970
VCW48573.1	EGQ6182767.1	94.247	591	24	1	1	581	1	591	0.0	970
VCW48573.1	WP_077135438.1	99.582	479	2	0	103	581	1	479	0.0	969
VCW48573.1	EFI7180372.1	93.804	581	26	1	1	581	1	571	0.0	969
VCW48573.1	WP_062863022.1	100.000	477	0	0	105	581	1	477	0.0	969
VCW48573.1	WP_033817118.1	99.582	478	2	0	104	581	1	478	0.0	967
VCW48573.1	5EW5_A	91.065	582	51	1	1	581	1	582	0.0	967
VCW48573.1	EFE9533413.1	95.353	581	27	0	1	581	1	581	0.0	964
VCW48573.1	WP_012766032.1	90.550	582	45	2	1	581	1	573	0.0	962
VCW48573.1	EFF7988998.1	94.330	582	32	1	1	581	1	582	0.0	957
VCW48573.1	WP_045903971.1	100.000	477	0	0	1	477	1	477	0.0	956
VCW48573.1	WP_119189107.1	99.167	480	4	0	1	480	1	480	0.0	956
VCW48573.1	WP_053878262.1	95.683	556	24	0	26	581	1	556	0.0	956
VCW48573.1	SJH09186.1	99.567	462	2	0	120	581	1	462	0.0	939
VCW48573.1	WP_170737683.1	99.360	469	3	0	1	469	1	469	0.0	938
VCW48573.1	EFF3892289.1	95.780	545	23	0	37	581	1	545	0.0	937
VCW48573.1	EER6666141.1	95.266	507	24	0	75	581	1	507	0.0	937
VCW48573.1	SRI64422.1	99.351	462	3	0	120	581	1	462	0.0	936
VCW48573.1	EEX9251569.1	95.596	545	24	0	37	581	1	545	0.0	936
VCW48573.1	EFS0633592.1	95.596	545	24	0	37	581	1	545	0.0	936
VCW48573.1	WP_135301488.1	99.143	467	4	0	1	467	1	467	0.0	931
VCW48573.1	EFF9166431.1	95.210	501	24	0	81	581	13	513	0.0	926
VCW48573.1	EFF0635123.1	95.391	499	23	0	83	581	26	524	0.0	923
VCW48573.1	WP_179768535.1	95.181	498	24	0	84	581	1	498	0.0	920
VCW48573.1	WP_000000543.1	95.372	497	23	0	85	581	1	497	0.0	920
VCW48573.1	WP_052983477.1	95.777	521	22	0	61	581	16	536	0.0	918
VCW48573.1	EER6666108.1	94.611	501	27	0	81	581	1	501	0.0	916
VCW48573.1	EGN2989820.1	100.000	450	0	0	132	581	1	450	0.0	916
VCW48573.1	EIH88678.1	95.142	494	24	0	88	581	1	494	0.0	913
VCW48573.1	CSS42471.1	95.344	494	23	0	88	581	1	494	0.0	913
VCW48573.1	CTT39626.1	94.939	494	25	0	88	581	1	494	0.0	912
VCW48573.1	WP_181005257.1	92.157	510	39	1	73	581	1	510	0.0	901
VCW48573.1	EER7083199.1	100.000	441	0	0	141	581	1	441	0.0	897
VCW48573.1	WP_170969617.1	95.218	481	23	0	101	581	1	481	0.0	888
VCW48573.1	WP_112367502.1	99.101	445	4	0	1	445	1	445	0.0	887
VCW48573.1	WP_103773434.1	91.833	502	40	1	81	581	1	502	0.0	884
VCW48573.1	EEV3522793.1	96.696	454	15	0	1	454	1	454	0.0	883
VCW48573.1	WP_114144039.1	96.696	454	15	0	1	454	1	454	0.0	883
VCW48573.1	WP_147692297.1	96.696	454	15	0	1	454	1	454	0.0	882
VCW48573.1	WP_108919407.1	96.696	454	15	0	1	454	1	454	0.0	882
VCW48573.1	WP_112368626.1	96.696	454	15	0	1	454	1	454	0.0	881
VCW48573.1	WP_098027467.1	96.696	454	15	0	1	454	1	454	0.0	881
VCW48573.1	EGG2424076.1	96.696	454	15	0	1	454	1	454	0.0	881
VCW48573.1	EEC8693262.1	96.696	454	15	0	1	454	1	454	0.0	881
VCW48573.1	WP_096964476.1	96.696	454	15	0	1	454	1	454	0.0	880
VCW48573.1	EEX1540123.1	96.696	454	15	0	1	454	1	454	0.0	880
VCW48573.1	WP_052679970.1	96.696	454	15	0	1	454	1	454	0.0	880
VCW48573.1	WP_097498554.1	96.696	454	15	0	1	454	1	454	0.0	880
VCW48573.1	EFB8407441.1	96.696	454	15	0	1	454	1	454	0.0	880
VCW48573.1	WP_137465430.1	96.696	454	15	0	1	454	1	454	0.0	880
VCW48573.1	WP_052985652.1	96.696	454	15	0	1	454	1	454	0.0	880
VCW48573.1	WP_000012962.1	96.696	454	15	0	1	454	1	454	0.0	880
VCW48573.1	EFX5861084.1	96.696	454	15	0	1	454	1	454	0.0	880
VCW48573.1	EFL5673923.1	96.696	454	15	0	1	454	1	454	0.0	880
VCW48573.1	EFY0079385.1	96.696	454	15	0	1	454	1	454	0.0	880
VCW48573.1	EGC6637972.1	96.696	454	15	0	1	454	1	454	0.0	880
VCW48573.1	EFX6625070.1	96.476	454	16	0	1	454	1	454	0.0	879
VCW48573.1	WP_052915462.1	96.476	454	16	0	1	454	1	454	0.0	879
VCW48573.1	WP_137560208.1	99.091	440	4	0	1	440	1	440	0.0	879
VCW48573.1	EGI2765865.1	96.476	454	16	0	1	454	1	454	0.0	879
VCW48573.1	EGB9636813.1	94.969	477	24	0	105	581	1	477	0.0	878
VCW48573.1	EES9571481.1	96.256	454	17	0	1	454	1	454	0.0	878
VCW48573.1	EFA7015561.1	96.280	457	15	1	1	457	1	455	0.0	878
VCW48573.1	HAO1947732.1	96.476	454	16	0	1	454	1	454	0.0	877
VCW48573.1	POS41367.1	91.717	495	40	1	88	581	1	495	0.0	872
VCW48573.1	EEG9601551.1	79.518	581	113	1	1	581	1	575	0.0	870
VCW48573.1	WP_077125798.1	99.535	430	2	0	1	430	1	430	0.0	861
VCW48573.1	WP_064562329.1	99.535	430	2	0	1	430	1	430	0.0	860
VCW48573.1	EFZ2051788.1	99.068	429	4	0	81	509	1	429	0.0	859
VCW48573.1	WP_161401803.1	95.043	464	23	0	118	581	1	464	0.0	857
VCW48573.1	EEF1822929.1	79.862	581	111	1	1	581	1	575	0.0	854
VCW48573.1	WP_000012953.1	79.690	581	112	1	1	581	1	575	0.0	852
VCW48573.1	WP_112861049.1	79.690	581	112	1	1	581	1	575	0.0	851
VCW48573.1	WP_077129737.1	79.690	581	112	1	1	581	1	575	0.0	851
VCW48573.1	EDA2393410.1	79.690	581	112	1	1	581	1	575	0.0	851
VCW48573.1	WP_050863694.1	79.690	581	112	1	1	581	1	575	0.0	851
VCW48573.1	EFJ8664610.1	79.518	581	113	1	1	581	1	575	0.0	850
VCW48573.1	MBA7788318.1	79.518	581	113	1	1	581	1	575	0.0	850
VCW48573.1	EDW4428383.1	79.518	581	113	1	1	581	1	575	0.0	850
VCW48573.1	EEY9565604.1	79.518	581	113	1	1	581	1	575	0.0	850
VCW48573.1	EEA2189432.1	79.518	581	113	1	1	581	1	575	0.0	850
VCW48573.1	QLM28068.1	79.518	581	113	1	1	581	1	575	0.0	850
VCW48573.1	EGL7909374.1	79.518	581	113	1	1	581	1	575	0.0	850
VCW48573.1	EEQ6255668.1	79.518	581	113	1	1	581	1	575	0.0	850
VCW48573.1	EGA7519889.1	79.518	581	113	1	1	581	1	575	0.0	850
VCW48573.1	EDL1342123.1	79.518	581	113	1	1	581	1	575	0.0	850
VCW48573.1	EER8705256.1	79.518	581	113	1	1	581	1	575	0.0	850
VCW48573.1	EFK2717617.1	79.518	581	113	1	1	581	1	575	0.0	850
VCW48573.1	HAI8449284.1	79.518	581	113	1	1	581	1	575	0.0	850
VCW48573.1	WP_119880384.1	79.518	581	113	1	1	581	1	575	0.0	849
VCW48573.1	QMR28339.1	79.518	581	113	1	1	581	1	575	0.0	848
VCW48573.1	EDD1161141.1	79.346	581	114	1	1	581	1	575	0.0	848
VCW48573.1	EFB4257096.1	79.518	581	113	1	1	581	1	575	0.0	848
VCW48573.1	EFP3735598.1	79.518	581	113	1	1	581	1	575	0.0	848
VCW48573.1	EGP3654337.1	79.518	581	113	1	1	581	1	575	0.0	848
VCW48573.1	WP_136817637.1	99.057	424	4	0	1	424	1	424	0.0	847
VCW48573.1	WP_114282725.1	95.363	496	22	1	1	495	1	496	0.0	846
VCW48573.1	WP_097312022.1	95.363	496	22	1	1	495	1	496	0.0	845
VCW48573.1	EEU5625366.1	100.000	419	0	0	1	419	1	419	0.0	844
VCW48573.1	WP_097588341.1	99.522	418	2	0	1	418	1	418	0.0	838
VCW48573.1	WP_097416226.1	78.657	581	118	1	1	581	1	575	0.0	838
VCW48573.1	WP_135402016.1	79.649	570	110	1	12	581	1	564	0.0	833
VCW48573.1	HAJ0472729.1	78.485	581	119	1	1	581	1	575	0.0	833
VCW48573.1	WP_052918937.1	99.277	415	3	0	1	415	1	415	0.0	832
VCW48573.1	WP_130559511.1	95.297	489	22	1	1	488	1	489	0.0	830
VCW48573.1	WP_097732270.1	79.496	556	108	1	26	581	1	550	0.0	829
VCW48573.1	WP_050925436.1	100.000	408	0	0	174	581	1	408	0.0	829
VCW48573.1	EEZ3215769.1	99.757	411	1	0	1	411	1	411	0.0	828
VCW48573.1	EGN2989823.1	94.889	450	23	0	132	581	1	450	0.0	827
VCW48573.1	EEZ1618127.1	100.000	406	0	0	176	581	1	406	0.0	825
VCW48573.1	EFW7566001.1	99.512	410	2	0	1	410	1	410	0.0	823
VCW48573.1	WP_115785771.1	78.313	581	122	1	1	581	1	577	0.0	822
VCW48573.1	WP_136775262.1	99.506	405	2	0	177	581	1	405	0.0	822
VCW48573.1	WP_112048461.1	78.141	581	123	1	1	581	1	577	0.0	822
VCW48573.1	WP_089608278.1	100.000	407	0	0	1	407	1	407	0.0	821
VCW48573.1	WP_179788495.1	94.855	447	23	0	135	581	1	447	0.0	820
VCW48573.1	EEZ2429333.1	77.108	581	128	1	1	581	1	576	0.0	820
VCW48573.1	WP_112854526.1	79.525	547	106	1	35	581	1	541	0.0	818
VCW48573.1	EFH6810719.1	77.969	581	124	1	1	581	1	577	0.0	818
VCW48573.1	EEV0956508.1	76.936	581	129	1	1	581	1	576	0.0	818
VCW48573.1	EFH9757473.1	78.485	581	119	1	1	581	1	575	0.0	817
VCW48573.1	EEY2598600.1	78.313	581	120	1	1	581	1	575	0.0	816
VCW48573.1	EFH7096779.1	78.313	581	120	1	1	581	1	575	0.0	816
VCW48573.1	WP_077124371.1	78.313	581	120	1	1	581	1	575	0.0	815
VCW48573.1	WP_032490394.1	78.313	581	120	1	1	581	1	575	0.0	815
VCW48573.1	WP_052973162.1	78.141	581	121	1	1	581	1	575	0.0	815
VCW48573.1	WP_040091419.1	78.313	581	120	1	1	581	1	575	0.0	815
VCW48573.1	EFB3864663.1	78.141	581	121	1	1	581	1	575	0.0	814
VCW48573.1	WP_000012952.1	78.141	581	121	1	1	581	1	575	0.0	813
VCW48573.1	EGC9814005.1	78.141	581	121	1	1	581	1	575	0.0	812
VCW48573.1	WP_077127793.1	100.000	402	0	0	1	402	1	402	0.0	812
VCW48573.1	WP_097295131.1	78.485	581	121	1	1	581	1	577	0.0	812
VCW48573.1	EEV4325962.1	99.500	400	2	0	182	581	1	400	0.0	811
VCW48573.1	EET1502627.1	96.411	418	15	0	37	454	1	418	0.0	810
VCW48573.1	WP_057762979.1	99.256	403	3	0	1	403	1	403	0.0	809
VCW48573.1	WP_044108843.1	76.420	581	132	1	1	581	1	576	0.0	808
VCW48573.1	MBF5695807.1	76.764	581	129	1	1	581	1	575	0.0	808
VCW48573.1	EFJ6948452.1	100.000	400	0	0	1	400	1	400	0.0	807
VCW48573.1	WP_129542169.1	76.420	581	132	1	1	581	1	576	0.0	806
VCW48573.1	WP_042969090.1	76.248	581	133	1	1	581	1	576	0.0	806
VCW48573.1	EET0447945.1	76.248	581	133	1	1	581	1	576	0.0	806
VCW48573.1	WP_057770487.1	76.248	581	133	1	1	581	1	576	0.0	806
VCW48573.1	WP_089552980.1	73.838	581	142	1	1	581	1	571	0.0	803
VCW48573.1	EEX2837084.1	73.666	581	143	1	1	581	1	571	0.0	802
VCW48573.1	WP_136769830.1	93.176	425	29	0	157	581	1	425	0.0	791
VCW48573.1	WP_124783551.1	78.131	567	118	1	15	581	1	561	0.0	790
VCW48573.1	WP_139592544.1	78.182	550	114	1	32	581	1	544	0.0	788
VCW48573.1	WP_000463615.1	80.885	497	95	0	85	581	19	515	0.0	785
VCW48573.1	WP_065552832.1	100.000	389	0	0	1	389	1	389	0.0	784
VCW48573.1	EFE6935327.1	74.010	581	146	1	1	581	1	576	0.0	783
VCW48573.1	EFC4063957.1	76.036	555	128	1	27	581	23	572	0.0	783
VCW48573.1	WP_024258710.1	73.838	581	147	1	1	581	1	576	0.0	783
VCW48573.1	WP_021530049.1	73.838	581	147	1	1	581	1	576	0.0	782
VCW48573.1	WP_032159821.1	80.972	494	94	0	88	581	1	494	0.0	782
VCW48573.1	EDT8485092.1	72.978	581	152	1	1	581	1	576	0.0	782
VCW48573.1	EFB9534020.1	76.225	551	126	1	31	581	3	548	0.0	781
VCW48573.1	HAM7419056.1	73.666	581	148	1	1	581	1	576	0.0	781
VCW48573.1	EFN4811132.1	73.666	581	148	1	1	581	1	576	0.0	781
VCW48573.1	WP_078126364.1	80.769	494	95	0	88	581	1	494	0.0	780
VCW48573.1	WP_048266662.1	73.666	581	148	1	1	581	1	576	0.0	780
VCW48573.1	EBB8027013.1	73.666	581	148	1	1	581	1	576	0.0	780
VCW48573.1	WP_089625473.1	73.666	581	148	1	1	581	1	576	0.0	780
VCW48573.1	KAB3114321.1	94.626	428	23	0	154	581	1	428	0.0	780
VCW48573.1	WP_033810079.1	100.000	382	0	0	200	581	1	382	0.0	779
VCW48573.1	EDA0344164.1	73.666	581	148	1	1	581	1	576	0.0	779
VCW48573.1	1814449A	73.666	581	148	1	1	581	1	576	0.0	779
VCW48573.1	HAN7410369.1	73.494	581	149	1	1	581	1	576	0.0	779
VCW48573.1	WP_124788689.1	80.444	496	97	0	86	581	40	535	0.0	778
VCW48573.1	EEY5116968.1	73.494	581	149	1	1	581	1	576	0.0	778
VCW48573.1	WP_163433687.1	80.282	497	98	0	85	581	26	522	0.0	777
VCW48573.1	WP_124835900.1	80.444	496	97	0	86	581	38	533	0.0	777
VCW48573.1	WP_087661985.1	80.282	497	98	0	85	581	34	530	0.0	776
VCW48573.1	WP_112909432.1	80.364	494	97	0	88	581	1	494	0.0	776
VCW48573.1	EFF0233593.1	81.020	490	93	0	92	581	1	490	0.0	775
VCW48573.1	WP_097423038.1	72.978	581	152	1	1	581	1	576	0.0	775
VCW48573.1	HAP2280036.1	73.657	577	147	1	1	577	1	572	0.0	774
VCW48573.1	EFF6901404.1	79.675	492	100	0	90	581	1	492	0.0	773
VCW48573.1	WP_172703744.1	73.611	576	147	1	6	581	1	571	0.0	773
VCW48573.1	WP_079848372.1	73.322	581	149	1	1	581	1	575	0.0	772
VCW48573.1	WP_139571364.1	78.715	498	106	0	84	581	22	519	0.0	772
VCW48573.1	EFU7127958.1	73.322	581	149	1	1	581	1	575	0.0	772
VCW48573.1	EFN4392563.1	73.322	581	149	1	1	581	1	575	0.0	771
VCW48573.1	OUY71221.1	79.960	494	99	0	88	581	1	494	0.0	770
VCW48573.1	WP_097455941.1	72.633	581	154	1	1	581	1	576	0.0	770
VCW48573.1	WP_077168006.1	78.672	497	106	0	85	581	24	520	0.0	770
VCW48573.1	WP_136698891.1	72.978	581	151	1	1	581	1	575	0.0	768
VCW48573.1	EAB9737019.1	73.150	581	150	1	1	581	1	575	0.0	768
VCW48573.1	EDP9793828.1	69.165	587	171	3	1	581	1	583	0.0	767
VCW48573.1	EAC0474859.1	69.165	587	171	3	1	581	1	583	0.0	766
VCW48573.1	WP_136776093.1	77.599	558	119	1	1	558	1	552	0.0	766
VCW48573.1	WP_136691902.1	99.478	383	2	0	1	383	1	383	0.0	765
VCW48573.1	ECZ5471615.1	68.995	587	172	3	1	581	1	583	0.0	764
VCW48573.1	ECG1392297.1	68.825	587	173	3	1	581	1	583	0.0	762
VCW48573.1	WP_115440887.1	73.380	571	147	1	11	581	1	566	0.0	761
VCW48573.1	WP_179287937.1	99.465	374	2	0	208	581	1	374	0.0	760
VCW48573.1	HAM0049731.1	73.124	573	148	1	9	581	1	567	0.0	758
VCW48573.1	WP_193958534.1	73.333	570	147	1	12	581	1	565	0.0	758
VCW48573.1	MBA2139177.1	68.484	587	175	3	1	581	1	583	0.0	758
VCW48573.1	EGC0302497.1	68.143	587	177	3	1	581	1	583	0.0	757
VCW48573.1	EBT1683864.1	67.973	587	178	3	1	581	1	583	0.0	757
VCW48573.1	EBP3305922.1	67.462	587	181	3	1	581	1	583	0.0	755
VCW48573.1	EAX8478850.1	67.462	587	181	3	1	581	1	583	0.0	754
VCW48573.1	EBP4367423.1	67.291	587	182	3	1	581	1	583	0.0	752
VCW48573.1	EBZ5930926.1	67.517	588	179	4	1	581	1	583	0.0	752
VCW48573.1	ECJ8271974.1	68.313	587	176	3	1	581	1	583	0.0	751
VCW48573.1	EEJ6747558.1	67.347	588	180	4	1	581	1	583	0.0	751
VCW48573.1	WP_062877914.1	100.000	375	0	0	1	375	1	375	0.0	751
VCW48573.1	WP_089581234.1	91.323	461	38	2	1	460	1	460	0.0	751
VCW48573.1	EDK2583908.1	68.313	587	176	3	1	581	1	583	0.0	751
VCW48573.1	ECJ8008260.1	68.143	587	177	3	1	581	1	583	0.0	751
VCW48573.1	EAQ5190614.1	68.143	587	177	3	1	581	1	583	0.0	751
VCW48573.1	EAQ1372330.1	66.154	585	191	2	1	581	1	582	0.0	751
VCW48573.1	WP_097640553.1	99.733	375	1	0	1	375	1	375	0.0	750
VCW48573.1	EAY1044047.1	67.973	587	178	3	1	581	1	583	0.0	750
VCW48573.1	EDW1974914.1	67.121	587	183	3	1	581	1	583	0.0	750
VCW48573.1	EBP0013673.1	71.721	587	155	3	1	581	1	582	0.0	750
VCW48573.1	EGH7981975.1	68.143	587	177	3	1	581	1	583	0.0	749
VCW48573.1	EDK8610753.1	68.143	587	177	3	1	581	1	583	0.0	749
VCW48573.1	WP_058645033.1	68.143	587	177	3	1	581	1	583	0.0	749
VCW48573.1	EGG3203870.1	68.143	587	177	3	1	581	1	583	0.0	749
VCW48573.1	EDX0518943.1	68.484	587	175	3	1	581	1	583	0.0	749
VCW48573.1	EEW1981109.1	73.224	549	142	1	33	581	12	555	0.0	749
VCW48573.1	ECR0256272.1	68.143	587	177	3	1	581	1	583	0.0	749
VCW48573.1	EAY1578391.1	68.143	587	177	3	1	581	1	583	0.0	749
VCW48573.1	EEX5092886.1	99.457	368	2	0	214	581	1	368	0.0	749
VCW48573.1	EEF1813772.1	67.687	588	178	4	1	581	1	583	0.0	749
VCW48573.1	WP_097338701.1	80.882	476	91	0	106	581	1	476	0.0	749
VCW48573.1	EFI8161630.1	95.186	457	20	1	1	457	1	455	0.0	749
VCW48573.1	EAU0180419.1	68.143	587	177	3	1	581	1	583	0.0	748
VCW48573.1	EED8701366.1	67.973	587	178	3	1	581	1	583	0.0	748
VCW48573.1	EFS3077088.1	67.973	587	178	3	1	581	1	583	0.0	748
VCW48573.1	EBN8434461.1	67.973	587	178	3	1	581	1	583	0.0	748
VCW48573.1	EEV2458932.1	95.624	457	18	1	1	457	1	455	0.0	748
VCW48573.1	EGP9097879.1	67.973	587	178	3	1	581	1	583	0.0	748
VCW48573.1	ECK3081422.1	67.973	587	178	3	1	581	1	583	0.0	748
VCW48573.1	WP_108432822.1	67.632	587	180	3	1	581	1	583	0.0	748
VCW48573.1	EGI6071814.1	68.143	587	177	3	1	581	1	583	0.0	748
VCW48573.1	EDZ1757454.1	67.632	587	180	3	1	581	1	583	0.0	748
VCW48573.1	WP_000012963.1	96.280	457	15	1	1	457	1	455	0.0	748
VCW48573.1	ECG7511509.1	67.973	587	178	3	1	581	1	583	0.0	748
VCW48573.1	EBG2221441.1	67.973	587	178	3	1	581	1	583	0.0	748
VCW48573.1	WP_174896777.1	67.121	587	183	3	1	581	1	583	0.0	748
VCW48573.1	HAI2328077.1	73.488	562	144	1	1	562	1	557	0.0	748
VCW48573.1	EGI7788504.1	68.143	587	177	3	1	581	1	583	0.0	748
VCW48573.1	EGP8180135.1	67.973	587	178	3	1	581	1	583	0.0	748
VCW48573.1	ECT9284146.1	67.973	587	178	3	1	581	1	583	0.0	747
VCW48573.1	EAM2843274.1	67.973	587	178	3	1	581	1	583	0.0	747
VCW48573.1	WP_057728461.1	99.733	374	1	0	1	374	1	374	0.0	747
VCW48573.1	EAX5110970.1	67.973	587	178	3	1	581	1	583	0.0	747
VCW48573.1	EBA4458872.1	67.973	587	178	3	1	581	1	583	0.0	747
VCW48573.1	EGN8739703.1	67.973	587	178	3	1	581	1	583	0.0	747
VCW48573.1	EDQ9445489.1	67.973	587	178	3	1	581	1	583	0.0	747
VCW48573.1	EBJ4888009.1	67.973	587	178	3	1	581	1	583	0.0	747
VCW48573.1	EAA7988874.1	68.143	587	177	3	1	581	1	583	0.0	747
VCW48573.1	EBV8266854.1	67.973	587	178	3	1	581	1	583	0.0	747
VCW48573.1	EAA7761846.1	67.973	587	178	3	1	581	1	583	0.0	747
VCW48573.1	EBL5818867.1	67.462	587	181	3	1	581	1	583	0.0	747
VCW48573.1	EBP0532154.1	67.973	587	178	3	1	581	1	583	0.0	747
VCW48573.1	EDU3957455.1	100.000	373	0	0	1	373	1	373	0.0	747
VCW48573.1	EEL7965543.1	67.973	587	178	3	1	581	1	583	0.0	746
VCW48573.1	EDB2265183.1	67.973	587	178	3	1	581	1	583	0.0	746
VCW48573.1	EFH0363230.1	95.870	460	18	1	1	460	1	459	0.0	746
VCW48573.1	EDT9704083.1	67.973	587	178	3	1	581	1	583	0.0	746
VCW48573.1	EEI5718253.1	67.973	587	178	3	1	581	1	583	0.0	746
VCW48573.1	EBI0981183.1	67.973	587	178	3	1	581	1	583	0.0	746
VCW48573.1	WP_025672428.1	96.061	457	16	1	1	457	1	455	0.0	746
VCW48573.1	ECY1808088.1	67.973	587	178	3	1	581	1	583	0.0	746
VCW48573.1	EER3365955.1	96.061	457	16	1	1	457	1	455	0.0	746
VCW48573.1	EBF0115995.1	67.973	587	178	3	1	581	1	583	0.0	746
VCW48573.1	EFU5066051.1	67.462	587	181	3	1	581	1	583	0.0	745
VCW48573.1	WP_062882549.1	96.061	457	16	1	1	457	1	455	0.0	745
VCW48573.1	EGM4072649.1	67.973	587	178	3	1	581	1	583	0.0	745
VCW48573.1	EAX2853865.1	74.494	494	126	0	88	581	1	494	0.0	745
VCW48573.1	WP_137557742.1	96.061	457	16	1	1	457	1	455	0.0	745
VCW48573.1	WP_052980126.1	96.061	457	16	1	1	457	1	455	0.0	745
VCW48573.1	WP_108447500.1	74.395	496	127	0	86	581	34	529	0.0	745
VCW48573.1	EAS1800851.1	67.973	587	178	3	1	581	1	583	0.0	744
VCW48573.1	EEQ4793419.1	96.061	457	16	1	1	457	1	455	0.0	744
VCW48573.1	ECF6720844.1	67.291	587	182	3	1	581	1	583	0.0	744
VCW48573.1	EEX4675837.1	94.207	397	23	0	185	581	1	397	0.0	744
VCW48573.1	WP_001442253.1	96.061	457	16	1	1	457	1	455	0.0	744
VCW48573.1	EAP1745457.1	67.802	587	179	3	1	581	1	583	0.0	744
VCW48573.1	HAO2033839.1	95.842	457	17	1	1	457	1	455	0.0	744
VCW48573.1	EEV1514985.1	95.842	457	17	1	1	457	1	455	0.0	744
VCW48573.1	WP_097361610.1	67.291	587	182	3	1	581	1	583	0.0	743
VCW48573.1	WP_108481933.1	74.593	492	125	0	90	581	1	492	0.0	743
VCW48573.1	WP_170745718.1	95.842	457	17	1	1	457	1	455	0.0	743
VCW48573.1	WP_187798511.1	80.462	476	93	0	106	581	1	476	0.0	743
VCW48573.1	EAS9110021.1	66.667	588	180	5	1	579	1	581	0.0	743
VCW48573.1	WP_079953357.1	67.121	587	183	3	1	581	1	583	0.0	743
VCW48573.1	EEW7440518.1	95.842	457	17	1	1	457	1	455	0.0	743
VCW48573.1	EFJ4064199.1	100.000	364	0	0	218	581	1	364	0.0	742
VCW48573.1	ELE46624.1	75.301	498	123	0	84	581	11	508	0.0	742
VCW48573.1	EDP6089011.1	100.000	366	0	0	187	552	1	366	0.0	742
VCW48573.1	WP_052974359.1	95.842	457	17	1	1	457	1	455	0.0	742
VCW48573.1	EBR6420273.1	67.291	587	182	3	1	581	1	583	0.0	742
VCW48573.1	EES0147094.1	95.842	457	17	1	1	457	1	455	0.0	742
VCW48573.1	WP_000012964.1	95.842	457	17	1	1	457	1	455	0.0	742
VCW48573.1	WP_096221844.1	75.301	498	123	0	84	581	24	521	0.0	742
VCW48573.1	2B5U_A	95.624	457	18	1	1	457	1	455	0.0	741
VCW48573.1	EGK6802747.1	75.252	497	123	0	85	581	38	534	0.0	741
VCW48573.1	ECI1557923.1	71.660	494	140	0	88	581	27	520	0.0	741
VCW48573.1	EET9635391.1	95.842	457	17	1	1	457	1	455	0.0	741
VCW48573.1	WP_137548186.1	95.842	457	17	1	1	457	1	455	0.0	741
VCW48573.1	EEQ8054894.1	95.624	457	18	1	1	457	1	455	0.0	741
VCW48573.1	EDW3007993.1	67.350	585	187	1	1	581	1	585	0.0	741
VCW48573.1	ECZ8804197.1	71.660	494	140	0	88	581	76	569	0.0	741
VCW48573.1	EBD9258915.1	67.291	587	182	3	1	581	1	583	0.0	741
VCW48573.1	EES5144394.1	95.624	457	18	1	1	457	1	455	0.0	741
VCW48573.1	ECH0824813.1	67.121	587	183	3	1	581	1	583	0.0	740
VCW48573.1	EER2291240.1	95.624	457	18	1	1	457	1	455	0.0	740
VCW48573.1	EFA6166393.1	95.624	457	18	1	1	457	1	455	0.0	740
VCW48573.1	HAH3026392.1	99.451	364	2	0	218	581	1	364	0.0	740
VCW48573.1	EEV0616230.1	95.624	457	18	1	1	457	1	455	0.0	740
VCW48573.1	HAH8680255.1	95.624	457	18	1	1	457	1	455	0.0	740
VCW48573.1	EFG9072192.1	95.624	457	18	1	1	457	1	455	0.0	740
VCW48573.1	WP_086813110.1	75.252	497	123	0	85	581	36	532	0.0	740
VCW48573.1	EBP8896105.1	74.291	494	127	0	88	581	1	494	0.0	740
VCW48573.1	EDQ9741511.1	73.387	496	132	0	86	581	38	533	0.0	739
VCW48573.1	QGN03495.1	95.833	456	17	1	2	457	3	456	0.0	739
VCW48573.1	HAK1938988.1	76.817	509	115	1	73	581	91	596	0.0	738
VCW48573.1	WP_171765785.1	99.176	364	3	0	218	581	1	364	0.0	738
VCW48573.1	EFE7379066.1	78.616	477	102	0	105	581	1	477	0.0	738
VCW48573.1	EET5197227.1	100.000	368	0	0	1	368	1	368	0.0	737
VCW48573.1	EAR3129309.1	67.350	585	187	1	1	581	1	585	0.0	737
VCW48573.1	EAC0474966.1	67.521	585	186	1	1	581	1	585	0.0	737
VCW48573.1	EDA6169342.1	71.457	494	141	0	88	581	81	574	0.0	737
VCW48573.1	EAU0147622.1	75.692	506	123	0	76	581	83	588	0.0	737
